0
1
2
3
4
5
6
7
8
9
10
703
826
1097
1287
1591
1895
1896
1897
1898
1899
144
258
491
1021
1418
1669
1900
1901
1902
1903
121
127
128
179
247
249
264
353
424
426
145
176
177
753
754
762
2064
3002
520
665
852
1394
1786
1842
1904
1905
1906
1907
124
147
246
248
250
251
252
11
12
13
14
15
16
17
18
19
20
21
2074
809
123
129
143
367
427
718
1050
2254
2761
3147
3169
3619
3893
4408
4953
368
717
856
975
1908
1909
1910
92
1702
1711
1833
1916
1917
1918
1919
1920
1921
22
23
24
25
26
27
28
29
30
31
32
1022
901
960
1511
1624
1836
1911
1912
1913
1914
1915
846
1516
1517
962
1656
2201
126
174
637
870
1219
1954
2237
2524
2630
3637
3874
957
1028
1199
1459
1699
1700
1701
1703
33
34
35
36
37
38
39
40
41
42
43
725
1376
2002
2007
2167
2168
2169
2170
614
1378
1922
1923
1924
1925
1926
1927
1928
1929
1604
1679
1930
1931
1932
1933
1934
1935
1936
44
45
46
47
48
49
50
51
52
53
54
101
338
2366
2893
3065
3593
3840
3998
3999
55
56
57
58
59
60
61
62
63
64
65
1937
1938
1939
1940
1941
1942
1943
1944
1945
907
1992
1993
1994
1995
1996
1997
1998
1999
1064
1194
1196
1198
1959
1960
1961
1962
1963
1364
1950
1977
1978
1979
1980
1981
1982
1983
91
102
106
1946
1947
1948
1949
1951
1952
86
2003
2004
2005
2006
2008
2009
66
67
68
69
70
71
72
73
74
75
472
534
1123
2222
2789
3052
3332
3769
3956
152
219
346
965
1953
1955
1956
1957
1958
1969
1970
1971
1972
1973
1974
1975
1976
190
262
1142
1337
1964
1965
1966
1967
1968
76
77
78
79
80
81
82
83
84
85
898
1157
1894
2203
2204
2205
2014
1067
1984
1985
1986
1987
1988
1989
1990
1991
148
351
946
2000
2001
87
88
89
90
93
94
95
96
97
211
914
1476
1776
2010
2011
2012
2013
243
2194
2015
2016
98
99
100
103
104
105
107
108
2017
369
422
559
2018
2026
2027
2028
2025
363
820
1041
1240
2019
2020
2021
2022
2023
2024
324
365
1486
2037
2038
2039
2040
2041
2042
2043
109
110
111
112
113
114
115
116
117
118
119
1332
1361
2029
2030
2031
2032
2033
2034
2035
2036
1419
1561
1670
1787
1846
2065
2066
2067
2068
2069
1160
2044
2045
2046
2047
2048
2049
2050
1317
510
1089
2051
2052
2053
2054
2055
2056
120
122
125
578
658
1428
1451
2057
2058
2059
2060
2061
2062
146
390
423
2063
132
222
503
1535
2070
2071
2072
2073
2075
696
698
755
947
2077
175
1246
2076
133
778
864
2078
2079
2080
2081
2082
2083
130
131
134
135
136
137
138
139
140
1466
1831
2092
2093
2094
2095
2096
2097
629
253
1193
1531
2084
2085
2086
2087
2088
786
1150
1274
2099
2100
2101
2102
2103
470
2480
2984
3219
4463
4944
4945
1728
446
842
1096
1598
1752
2089
2090
2091
141
142
149
150
2098
265
667
285
3337
5048
5171
5338
5940
5941
5942
1245
238
151
153
154
155
156
157
158
159
160
161
411
813
1688
2104
2105
2106
2107
2108
2109
2110
2111
2112
2113
2114
2115
162
163
164
165
166
167
168
169
170
171
172
531
1165
1390
1865
2123
2124
266
818
872
1264
1539
2116
2117
2118
2119
2120
2121
173
178
180
1575
3066
3344
3715
3849
4539
5209
5325
5483
5584
697
700
2122
255
256
554
871
2125
2126
2127
2128
2129
1489
1490
1524
1766
2130
2131
2132
2133
2134
181
182
183
184
185
186
187
188
189
191
2190
2365
2367
2368
2369
2370
2371
2372
192
193
194
195
196
2388
2389
2390
2391
1020
2135
2136
2137
2138
2139
2140
2141
558
736
659
2142
2143
2144
2145
2146
197
198
199
200
201
202
203
204
205
206
207
412
604
1556
2147
2148
2149
2150
2151
714
2152
2153
2154
2155
2156
2157
2158
2159
2160
5973
5974
208
209
210
212
213
214
215
216
217
976
2429
2430
2431
2432
494
621
1358
1412
2161
2162
2163
2164
2165
2166
218
220
221
223
224
225
226
227
893
1343
1749
1861
2177
2178
2179
2180
314
1114
1564
2171
2172
2173
2174
2175
2176
228
229
230
231
232
233
234
235
840
1726
2217
2218
2219
2220
2221
2223
236
237
239
240
241
242
244
245
2181
2182
2183
2184
2185
2186
2187
2188
2189
2191
2192
2193
2195
2196
612
1284
2197
2198
2199
2200
2202
776
900
1068
1069
1070
1071
1072
1073
1074
326
915
916
917
918
919
920
921
922
983
1349
1389
1644
4180
4181
513
586
873
2206
2207
2208
2209
2210
808
1475
2211
2212
2213
2214
2215
2216
254
257
259
260
261
1137
1233
1300
1301
1302
1303
1304
1305
1306
263
267
268
269
2224
2225
2226
2227
2228
414
2229
2230
2231
2232
2233
2234
270
271
272
273
274
275
276
277
278
600
1583
1800
2247
2248
2249
279
280
281
282
283
284
286
287
288
318
552
790
967
1202
1259
1620
2235
632
779
838
1321
1371
1571
1891
1892
2236
1789
2238
2239
2240
2241
2242
311
712
955
1197
1227
2243
2244
2245
2246
289
290
291
292
293
294
295
296
297
298
299
352
666
378
443
774
1573
1704
2250
2251
2252
300
301
302
303
304
305
306
307
308
309
2519
341
764
909
1061
1093
1095
2253
2255
587
710
1498
1850
2256
2257
2258
2259
711
883
1018
2260
2261
2262
2263
2264
2265
2266
310
312
313
315
316
317
319
320
3677
2267
321
322
323
325
327
328
329
330
568
1507
2268
2269
2270
2271
2272
1004
2277
2278
2279
2280
2281
2282
2283
2284
627
681
822
2273
2274
2275
2276
331
332
333
334
335
336
337
339
376
843
1587
1888
2285
2286
2287
1052
2319
3590
4152
4153
4154
364
1755
340
342
343
344
345
347
348
349
350
370
862
1805
2288
2289
2290
2291
881
2301
2302
2303
2304
2305
2306
2307
751
930
1322
1366
2292
2293
2294
2295
473
855
1716
2296
2297
2298
2299
2300
432
1734
2328
2329
2330
2331
354
355
356
357
358
359
968
2308
2309
2310
2311
2312
2313
2314
572
980
1212
2321
2322
2323
2324
2325
2326
2327
633
1334
2332
2333
2334
2335
2336
2337
360
361
362
366
371
372
373
374
375
377
379
380
2315
2316
2317
2318
2320
2338
2373
1030
1230
1231
1232
1234
1235
1236
381
382
383
384
385
386
387
388
389
996
2345
2346
2347
2348
2349
2350
2351
2352
1741
2339
2340
2341
2342
2343
2344
609
1077
2360
2361
2362
2363
2364
825
1733
2353
2354
2355
2356
693
882
951
1383
1538
1792
2357
2358
2359
391
392
393
394
395
396
397
398
814
944
2381
2382
2383
2384
2385
2386
2387
977
2374
2375
2376
2377
2378
2379
2380
399
400
401
402
403
404
405
406
407
408
409
1217
2392
410
413
415
416
417
418
419
420
835
1256
1814
2839
3306
5013
5014
5015
769
2532
3029
3215
3485
4254
5484
5501
5502
2393
676
799
803
1019
640
1002
1477
2434
2435
2436
2437
2438
763
1541
2467
2468
2469
2470
2471
421
2394
2395
2396
2397
2398
2399
2400
2401
2402
2403
2404
2405
2406
2407
2408
940
2409
2410
2411
2412
2413
2414
2415
425
695
428
429
430
431
433
434
435
436
437
438
1415
2416
2417
2418
2419
2420
2421
487
2422
2423
2424
2425
2426
2427
2428
1370
1565
1824
2433
1090
2500
456
1522
2443
2444
2445
2446
439
440
441
442
444
445
447
448
449
1607
1868
2492
2784
3617
4781
5476
878
2439
2440
450
451
452
453
454
455
457
2441
2442
458
459
460
461
462
463
464
465
466
467
468
2447
2448
2449
2450
2451
469
471
474
475
476
477
1267
1485
1487
1488
1491
1492
1509
3205
3309
4207
4282
4828
4829
4830
2481
2482
2483
2484
2485
2486
2487
478
479
480
481
482
483
484
485
486
488
2452
2453
2454
2455
2456
2457
2458
2459
2460
2461
507
722
726
1048
2462
2463
1812
532
1352
1764
2493
2494
2495
2496
2497
489
490
492
493
495
496
497
498
2464
2465
2466
892
924
1372
2475
2476
2477
2478
2479
1471
2472
2473
2474
499
500
501
502
504
505
506
2491
508
509
511
512
514
515
828
2488
2489
2490
516
517
518
519
521
522
523
524
525
577
579
580
581
582
583
526
527
1171
1342
2671
2837
2935
3786
4248
4455
4876
4979
4980
528
529
530
533
535
536
571
573
574
575
576
1329
1330
1482
1512
2498
2499
2501
2502
2503
2504
1132
537
538
539
540
541
542
543
544
545
546
547
2534
2505
2506
2507
2508
2509
2510
2511
2512
2513
824
1790
2514
2515
548
549
550
551
553
555
556
765
982
1288
1311
2516
2517
2518
1547
3141
3283
3312
4477
4515
4516
557
5570
5571
756
759
819
821
823
560
561
562
563
564
565
566
567
569
570
2582
2583
2584
721
804
2521
2522
2523
584
979
1353
2892
4318
4319
2520
1827
2953
3171
4846
5235
5236
5237
5238
5239
642
1610
2525
2526
2527
2528
1629
1682
2529
2530
2531
2533
910
1275
1427
1782
2539
2540
2541
2542
2538
715
1854
2535
2536
2537
585
588
589
590
591
592
593
594
595
596
597
598
599
601
602
603
605
606
1040
1439
1730
2555
2556
2557
607
608
610
611
613
615
616
1392
2558
2559
2560
2561
2562
740
1500
2543
2544
2545
1631
2546
2547
2548
2549
2550
2551
617
618
619
620
622
623
624
625
626
2552
2553
2554
628
630
1426
1429
1430
1431
1432
631
634
635
2941
2968
3112
5880
6131
6132
6133
668
746
747
748
749
750
636
638
639
641
643
796
869
874
875
876
877
644
645
2563
2564
646
647
648
649
650
651
652
653
654
655
732
1326
2572
2573
2574
2575
798
1023
1365
2568
2569
2570
2571
1032
1411
2565
2566
2567
656
657
660
661
662
663
664
1084
1870
2576
2577
1350
2578
2579
2580
2581
669
670
671
672
673
674
675
677
678
679
680
682
683
684
685
686
687
688
1841
1843
1844
1845
690
851
1347
2585
2586
2631
2632
2633
1162
1309
2587
2588
2589
2590
2591
2592
689
691
692
1628
2602
2603
2604
2605
2606
2607
2608
2609
2610
694
699
1690
2593
2594
2595
2596
1441
1589
2597
2598
2599
2600
2601
1027
1653
2611
2612
2613
1056
2614
2615
2616
2617
2618
2619
2620
701
702
704
705
706
707
708
1581
2634
2635
2636
2637
2638
2639
2640
2621
2622
2623
2624
1594
1600
1641
2625
2626
2627
2628
2629
3501
4623
4624
1047
1107
1503
1803
2641
2642
2643
2644
709
713
834
1195
2645
2646
2647
2648
2649
716
942
1885
1886
1887
719
720
723
724
727
2713
1313
1424
1434
2653
2654
3459
3654
3726
4072
5137
5138
5139
728
729
730
731
733
734
735
1156
1258
2655
2656
2657
2658
928
1435
2650
2651
2652
2684
2685
2686
737
738
739
741
742
743
744
745
2659
2660
2661
2662
2663
1380
1609
2664
2665
2666
1255
1557
2719
2720
2721
2722
2723
2678
2679
2680
2681
2682
2683
2667
2668
2669
2670
2672
2673
817
1417
2674
2675
2676
2677
752
757
758
760
761
1454
2707
2708
2709
2710
2711
2712
2687
2688
2689
766
767
768
770
771
772
773
1689
2697
2698
2699
1618
1863
2690
2691
2692
2693
2694
2695
2696
1024
1335
2700
2701
2702
2703
2704
1003
1402
1717
2705
2706
2907
775
777
780
781
782
783
784
785
2714
2715
2716
2717
2718
787
788
789
791
792
793
794
795
797
800
801
802
1866
1867
2724
2725
2726
2727
2728
805
806
807
810
811
812
815
816
2738
2739
1151
2729
2730
2731
2732
2733
1129
4695
4844
4878
5224
5628
5629
1223
1224
1873
2734
2735
2736
2737
894
1323
1324
1325
1327
1328
827
829
830
831
832
833
886
836
837
839
841
844
845
847
848
849
850
853
854
938
2748
2749
2750
2751
2752
857
858
1705
1706
1707
1708
1709
859
860
861
863
865
866
867
868
1481
1775
2740
2741
2742
2743
1333
2744
2745
2746
2747
1351
1408
1860
2763
2764
2765
1738
2766
2767
2768
2769
2770
1145
1146
1147
1148
1149
1152
1153
1367
1762
2753
2754
2755
1336
2756
2757
2758
2759
2760
1655
2762
879
880
884
885
2771
2772
2774
2773
887
888
889
890
891
895
1671
2775
2776
2777
2778
2951
2959
2960
2961
896
897
899
902
903
904
905
2785
1272
2779
2780
2781
2782
2783
2791
2792
2793
2794
2795
2796
906
908
911
912
913
1292
1397
2804
2805
2806
2807
2808
2786
2787
2788
2790
2797
2798
2799
2800
2801
2802
2803
1213
2818
2819
2820
2809
2810
2811
2812
2813
2814
2815
2816
2817
923
925
926
927
2821
2822
2823
929
931
932
933
934
935
936
937
939
941
943
945
6087
2846
3777
4409
4410
4411
948
949
950
1661
2829
2830
2831
2832
2833
2834
2835
1570
1747
2824
2825
2826
2827
2828
952
953
954
956
958
959
2838
2840
2841
2842
2843
2836
1249
1540
3491
4123
4892
4973
4974
961
963
964
966
1228
1777
1778
1779
1780
1781
1783
1784
1054
1124
2851
2852
2853
2854
2844
2845
2847
2848
2849
2850
1208
2871
2872
2873
2874
2875
2876
2855
2856
2857
2858
2859
2860
2861
969
970
971
972
973
974
2862
2863
2864
978
981
2865
2866
2867
2868
2869
2870
1140
2877
2878
2879
2880
2881
2882
1318
1319
1320
1143
2883
2884
2885
2886
3028
3030
3031
984
985
986
987
988
989
990
991
2887
2888
2889
2890
2891
2894
2895
2896
2897
992
993
994
995
997
998
1829
2902
1536
1735
2898
2899
2900
2901
999
1000
1001
1005
1006
1007
1008
1100
1291
2931
2932
2933
2934
2936
1440
1760
2903
2904
2905
2906
2908
2909
2910
2911
1009
1010
1011
1012
1013
1014
1015
1016
1017
1191
2920
2921
2922
2923
2924
2925
3044
2912
2913
2914
2915
2916
2917
2918
2919
1533
2926
2927
2928
2929
2930
1025
1026
1029
1031
3191
3462
5106
5107
5108
2937
2938
2939
1221
1316
1750
2952
2954
1798
2940
2942
2943
2944
2945
2946
2947
2948
2949
2950
1033
1034
1035
1036
1037
1038
1039
1176
1651
2955
2956
2957
2958
1055
2962
2963
2964
2965
2966
2967
1042
1043
1044
1045
1046
3146
4264
1049
1051
1053
2969
2970
2971
1057
1058
1059
1060
1062
1063
1065
1066
2987
2988
2989
2990
2991
2992
2993
2994
2995
2976
2977
2972
2973
2974
2975
1075
1076
1078
1079
1080
1081
1082
1083
1720
2978
2979
2980
2981
2982
2983
1085
1086
1087
1088
1457
2985
2986
3109
1374
1568
3110
3111
1091
1092
1094
1098
1099
1101
1102
1103
1104
1105
1106
1108
1109
1110
1111
1112
1113
1115
1116
1645
3018
3019
3020
3021
3022
1117
1118
1119
1120
1121
1122
2996
2997
2998
2999
3000
3001
1125
1126
1127
1128
1130
1131
1133
3148
3158
1134
1135
1136
1138
1139
1141
1144
3003
3004
3005
3006
3007
3008
3015
3016
3017
3009
3010
3011
3012
3013
3014
3023
3024
3025
3026
3027
1852
1890
3032
3033
3180
1154
1155
1158
1159
3034
3035
3036
3037
3038
3039
3040
3041
3042
3043
1161
1163
1164
1166
1882
4494
4495
4496
4497
4498
4499
3055
3056
3057
3058
1167
1168
1169
1170
3045
3046
3047
3048
3049
1172
1173
1174
1175
1177
1178
1179
1180
3781
3865
5009
3050
3051
3053
1181
1182
1183
1184
1185
1186
1187
1188
1189
1190
3054
1331
1339
1340
1341
1344
1192
4711
5518
5519
5520
1382
3059
3060
3061
3062
3063
3064
1200
1201
1203
1204
1205
1206
1207
3105
3098
3099
3100
3101
3102
3103
3104
1849
3067
3068
3069
3070
3071
3072
3073
3074
3075
3076
3077
3078
1209
1210
1211
1214
1215
1216
1385
1724
3079
3080
3081
3082
3083
1218
1220
1222
1225
1226
1229
3156
3905
3981
5192
5311
5312
3323
4906
4907
3084
3085
3086
3087
3088
3670
4540
1881
3089
3090
3091
3092
3093
3094
3095
3096
3097
1237
1238
1239
1241
1242
1243
1244
3106
3107
3108
1247
1248
1250
3113
1251
1252
1253
1254
1257
3119
3115
3116
3117
3114
3118
1260
1261
1262
1263
1265
1266
1268
1269
1270
1271
1273
3120
3121
3122
3123
3124
3125
3126
3127
1276
1277
1278
1279
1280
1281
1282
1283
1285
3128
3153
3154
3155
3157
1299
3709
3841
5199
3129
3130
3131
3132
3133
3134
3135
3136
1286
1289
1290
1293
3137
3138
3139
3140
3142
3143
3144
3145
3149
1294
1295
1296
1297
1298
1504
1763
1765
1345
1346
1348
3150
3151
3152
1307
1308
1310
1312
1314
1315
3181
3182
3183
1534
3163
3164
3165
3166
3167
3168
3159
3160
3161
3162
3199
3200
3201
3192
3193
3194
3170
3172
3173
3174
1338
3175
3176
3177
1725
1727
1530
3178
3179
1754
3204
3195
3196
3197
3198
3184
3185
3186
3187
3188
3189
3190
1354
1355
1642
3202
3203
1356
1357
1359
1360
3206
3207
3208
3223
3237
3238
3239
3240
3241
1362
1363
1368
1369
3209
3210
3211
3212
3213
3214
3216
3217
3218
1767
1817
3220
3221
3222
1373
1375
1377
3224
3225
3226
1379
1381
1384
1386
1387
1437
3235
3236
3335
3552
4132
4170
4825
5241
5428
5487
5494
5717
5785
5786
5787
5788
3227
3228
3229
3248
3249
3250
3251
3252
3253
3280
1388
1391
1393
1395
1396
3230
3231
3232
3233
3234
1409
3281
3288
3289
1398
1399
1400
1401
3242
3243
3244
3245
3246
3247
3262
3263
3264
3265
3266
3267
3268
3254
3255
3256
3257
1444
3258
3259
3260
3261
1403
1404
1405
1406
1407
1410
3274
3275
3276
3277
3278
3279
1413
1414
1416
3269
3270
3271
3272
3273
1420
1421
1422
1423
1425
3282
3284
3285
3286
3287
3951
4635
4970
1546
3295
3296
3297
3290
1433
1436
1438
3291
3292
3293
3294
1718
3302
3303
3304
3305
3298
3299
3300
3301
1442
1443
5490
5491
1445
1446
1447
1448
1449
1450
1452
1453
1455
1456
1458
3307
3308
3310
3311
1460
1461
1462
1463
1464
1465
1467
1468
1469
1470
1472
3313
3314
3315
3316
1473
1474
3317
3318
3319
3320
3321
3322
1478
1479
1480
1483
1484
3324
3325
1493
1494
1495
1496
1497
1499
1501
1502
1505
3326
3327
1506
1508
1510
1513
1514
1515
1518
1519
3348
3349
3350
1520
1521
1523
1525
1526
3328
3329
1527
1528
1529
3330
3331
3333
1532
1537
1822
4172
4301
4359
4793
4818
4891
5414
5895
5916
6061
6062
1608
3334
3336
1542
1543
1544
1545
3347
3338
3339
3340
1837
1548
1549
1550
1551
1552
1553
1554
1555
1636
3342
3343
3345
3346
3360
3361
3362
3363
3341
3373
3374
3375
3376
1558
1559
1560
1562
1563
1566
1567
3351
3352
3353
3354
3355
1569
1572
1574
1576
3356
3357
3358
3359
3408
1577
1578
1579
1580
1582
1791
1797
3371
3372
1584
1585
1586
1588
1590
1592
1593
3364
3365
3366
3367
3368
3369
3370
1595
1596
1597
1599
1601
1602
1603
1605
1606
1611
1612
1613
1614
1615
3377
3378
1616
1617
1619
1621
1622
1623
1658
3382
3383
1625
1626
1627
1630
3379
3380
3381
3384
3385
1632
1633
1634
1635
1637
1638
1639
1640
1672
3389
3390
3391
3392
3393
3386
3387
3388
1643
1646
1647
3394
3395
1648
1649
3396
3397
3398
1650
1652
1654
3399
3400
3401
3402
3403
3404
3405
3406
3407
5140
1657
1659
1660
1662
1663
1664
3409
3410
3411
3412
3571
1665
1666
1667
4109
4803
1668
3413
3414
3415
3416
3417
3418
3572
1673
3448
3449
1674
1675
1676
1677
1678
1680
1681
3419
3420
3421
3422
3423
3424
3425
3426
3427
3428
3429
3430
3431
3432
3433
3434
3435
3436
3437
3438
1683
1684
1685
1686
1687
1691
3439
3440
3441
3442
3669
1692
1693
1694
1695
1696
1697
1698
3443
3444
3445
3446
3447
3450
3451
3452
3453
3454
3463
3464
3465
3466
3467
3455
3456
3457
3458
3460
3461
3468
3469
3470
3471
3477
3478
3479
3480
3481
3482
3483
1710
1712
1713
3472
3473
3474
3475
1714
1715
1719
1721
3484
3486
3476
1722
1723
3487
3488
3489
3490
1729
1731
1732
3492
3493
3494
3495
3496
1808
3566
5176
1736
1737
1739
1740
3528
3529
3497
3498
3499
1742
1743
1744
1745
1746
3500
3502
3503
3504
3505
1748
1751
3506
3507
3508
3509
3510
3511
3512
3513
3514
3515
3516
3517
3518
3519
1753
1756
1757
1758
1759
1761
3520
3521
3522
3523
3524
3525
3526
3527
3680
3681
1768
1769
1770
1771
1772
1773
1774
3530
3533
3534
3535
3531
3532
1785
1788
1793
3563
3700
3701
3702
3536
3537
3538
3539
3540
3541
1794
1795
1796
1799
1801
1802
1804
1806
1807
1809
1810
1811
1813
3542
3543
3544
3545
3546
3547
3548
3549
3550
1815
1816
1818
1819
1820
3551
3553
3554
3555
3556
3564
3565
3567
3557
3558
3559
3560
3561
3562
1821
1823
1825
1826
1828
1830
1832
3568
3583
3584
1834
1835
1838
1839
1840
3569
3570
3591
3592
3577
3578
3579
3580
3581
3582
3573
3574
3575
3576
3585
3586
3587
3588
3589
1847
1848
1851
1853
1855
3594
3595
3596
3597
3598
3599
3602
3603
3604
3600
3601
1856
1857
1858
1859
1862
3609
3610
3611
3612
3613
3614
3605
3606
3607
3608
3799
3800
3801
3802
3803
3804
3805
3806
1864
1869
3675
3676
3615
3616
3618
1871
1872
1874
1875
3620
3621
3622
3623
1876
1877
1878
1879
1880
1883
1884
3629
3630
3631
3632
3633
3634
3635
3624
3625
3626
3627
3628
3673
3674
1889
1893
3636
3638
3639
3640
3641
3642
3643
3644
3645
3646
3647
3648
3649
3650
3651
3652
3653
3655
3656
3657
3658
3659
3660
3661
3662
3663
3664
3665
3666
3667
3668
3671
3672
3678
3679
3682
3683
3684
3685
3686
3687
3688
3689
3690
3691
3692
3693
3694
3695
3867
3696
3697
3698
3699
3703
3704
3705
3706
3707
3713
3714
3708
3710
3711
3712
3718
3719
3720
3721
3716
3717
3722
3723
3724
3725
3727
3728
3729
3730
3731
3732
3733
3734
3735
3736
3754
3755
3756
3757
3737
3738
3739
3740
3741
3749
3750
3751
3752
3753
3742
3743
3744
3745
3746
3747
3748
3758
3759
3760
3761
3762
3763
5541
5795
5796
5797
3768
5177
3764
3778
3779
3780
3782
3783
3784
3767
3765
3766
3770
3771
3772
3773
3774
3775
3776
3785
3787
3788
3789
3790
3791
3792
3793
3807
3808
3809
3810
3811
3797
3798
3794
3795
3796
4438
5170
5172
5173
5174
5175
3817
3818
3819
3820
3821
3812
3813
3814
3815
3816
3822
3823
3824
3825
3826
3827
3828
3829
3830
3831
3832
3833
3879
3988
3989
3990
3834
3835
3836
3837
3838
3851
3852
3853
3854
3839
3842
3843
3844
3845
3847
3848
3850
3846
3864
3866
3855
3856
3857
3858
3863
3859
3860
3861
3862
3869
3870
3871
3872
3873
3868
3886
3887
3875
3876
3877
3878
3880
3881
3882
3883
3884
3885
3888
3889
3890
3900
3901
3902
3903
3904
3891
3892
3894
3895
3908
3909
3910
3911
3912
3913
5343
5468
5958
5959
5960
3896
3897
3898
3899
3906
3907
3923
3924
3925
3926
3927
3914
3915
3916
3917
3918
3919
3920
3921
3922
3928
4080
5310
5724
6000
6001
3929
3930
3931
3932
3933
3934
3935
3936
3937
3938
3939
3940
3941
3942
3946
3947
3948
3943
3944
3945
4092
4067
5114
5115
5116
5117
3949
3950
4501
4894
5909
6108
6181
4275
4738
4806
6121
6122
3952
3953
3954
3955
3957
3958
3959
3960
3961
3968
3969
3970
3964
3965
3966
3967
3962
3963
4105
3977
3979
3980
3971
3972
3973
3974
3975
3976
3978
3982
3983
3984
3985
3986
3987
3991
3992
3993
3994
3995
3996
3997
4004
4005
4006
4007
4373
5162
5163
5164
5165
4000
4001
4002
4003
4008
4009
4010
4011
4012
4013
4014
4015
4016
4017
4018
4019
4020
4021
4022
4023
4024
4025
4026
4130
4027
4028
4029
5437
4031
4032
4033
4030
4041
5056
5645
4042
4043
4044
4034
4035
4039
4040
4036
4037
4038
4056
4281
6168
6232
4053
4054
4055
4088
4045
4046
4047
4048
4049
4050
4051
4052
4057
4058
4059
4060
4061
4062
4065
4063
4064
4066
4068
4069
4070
4071
4073
4074
4075
4076
4077
4078
4079
4081
4082
4083
4084
4087
4085
4086
4089
4090
4091
4093
4094
4098
4099
4100
4101
4095
4096
4097
4957
5304
5305
4102
4103
4104
4121
4122
4106
4107
4108
4110
4111
4112
4113
4114
4115
4116
4117
4118
4119
4120
5449
5450
4124
4125
4126
4127
4128
4129
4143
4144
4145
4146
4147
4148
4149
4150
4151
4136
4131
4133
4134
4135
4137
4141
4142
4138
4139
4140
4158
4159
5653
5840
4263
5159
5600
4155
4156
4157
4160
4163
4164
4165
4161
4162
4166
4167
4168
4169
4171
4182
4183
4184
4173
4174
4175
4176
4177
4178
4179
4222
4223
4224
4201
4202
4203
4204
4185
4186
4187
4188
4189
4190
4191
4192
4193
4194
4195
4196
4197
4198
4199
4200
4205
4206
4208
4209
4210
4211
4212
4213
4214
4215
4216
4217
4218
4219
4220
4221
4225
4226
4227
4228
4229
4238
4239
4230
4231
4232
4233
4234
4235
4315
4236
4237
4426
5289
5417
5418
4243
4244
4240
4241
4242
4245
4246
4250
4247
4249
4868
5154
5806
5807
5808
4251
4252
4253
4255
4257
4256
4258
4259
4260
4261
4262
4265
4270
4271
4266
4267
4268
4269
4287
4288
4289
4272
4273
4274
4276
4277
4283
4278
4279
4280
4290
4284
4285
4286
4293
4294
4295
4291
4292
4296
4297
4300
4302
4405
4406
4298
4299
4303
4304
4305
5452
6039
6279
4306
4307
4308
4309
4310
4311
4312
4313
4314
4316
4317
4320
4321
4322
4323
4324
4336
5277
5516
5517
4325
4334
4326
4327
4328
4329
4330
4331
4332
4333
4335
4344
4345
4346
4347
4348
4349
4350
4351
4352
4353
4354
4355
4356
4337
4338
4339
4340
4368
4341
4360
4361
4362
4363
4364
4342
4343
4357
4358
4365
4366
4367
4369
4370
4371
4393
4394
4395
4396
4397
4398
4372
4374
4375
4376
4377
4378
4379
4380
4381
4382
4383
4384
4385
4386
4387
4388
4399
4400
4401
4402
4403
4404
4389
4390
4391
4392
4407
5777
5778
5779
5780
4412
4413
4414
4418
4419
4420
4415
4416
4417
4537
4538
4429
4430
4431
4432
4424
4425
4427
4428
4421
4435
4422
4423
4433
4434
4443
4436
4437
4446
4447
4448
4439
4440
4441
4442
4444
4445
4584
4457
4449
4450
4451
4452
4453
4454
4456
4458
4532
5179
5324
5326
4459
4460
4461
4462
4473
4474
4468
4469
4470
4464
4465
4466
4467
4478
4479
4480
4471
4472
4599
4484
4485
4475
4476
4658
5634
4481
4482
4483
4486
4487
4488
4492
4640
4714
5001
5403
5404
5405
4489
4490
4491
4493
4500
4502
4503
4504
4505
4506
4507
4508
4509
4510
4511
4512
4513
4514
4521
4522
4523
4524
4525
4526
4527
4528
4529
4530
4531
4517
4518
4519
4520
4533
4534
4544
4535
4536
4541
4545
4542
4543
4573
4641
4548
4551
4552
4546
4547
5931
6071
4653
4549
4550
4553
4554
4555
4563
4564
4565
4556
4557
4558
4559
4560
4561
4562
4566
4567
4568
4569
4570
4571
4572
4574
4575
4576
4577
4578
4579
4580
4581
4587
4582
4583
4585
4586
4590
4588
4589
4591
4592
4593
4594
4595
4596
4597
4598
4600
4601
4602
4603
4604
4605
4606
4607
4608
4609
4610
4611
4612
4613
4614
4615
4616
4617
4618
4619
4709
4620
4621
4622
4626
4627
4628
4629
4630
4631
4632
4625
4636
4637
4633
4634
4638
4639
4642
4643
4645
4646
4647
4644
4648
4649
4650
4651
4652
4654
4655
4656
5638
6036
6037
6038
4663
4657
4659
4660
4661
4662
4664
4665
4666
4667
4668
4669
4670
4671
4672
4678
4675
4673
4674
4676
4677
4679
4680
4681
4682
4685
4686
4687
4688
4689
4683
4684
4690
4691
4692
4693
4694
4696
4697
4698
4699
4700
4701
4702
4703
4704
4705
4706
4715
4707
4708
4710
4712
4713
4716
4717
4718
4719
4720
4721
4722
4723
4724
4725
4726
4731
4732
4727
4728
4729
4730
4733
4734
4743
4744
4745
4735
4736
4737
4739
4740
4741
4742
4752
4753
4754
4750
4751
4746
4747
4748
4749
4755
4756
4757
4758
4824
4838
4839
4840
4841
4842
4843
4759
4760
4761
4762
4763
4764
4765
4766
4767
4768
4769
4770
4771
4772
4773
4774
4775
4776
4777
4854
4778
4779
4780
4782
4783
4784
4785
4786
4787
4788
4789
4790
4791
4792
4872
4883
4794
4795
4796
4802
4797
4798
4799
4800
4801
4804
4805
4807
4808
4809
4810
4811
4812
4813
4814
4815
4819
4820
4816
4817
4827
4821
4822
4823
4826
4836
4837
4831
4832
4833
4834
4835
4845
4847
4848
4849
4850
4851
4852
4853
4866
4855
4856
4857
4864
4865
4858
4859
4860
4861
4862
4863
4867
4869
4870
4871
4873
4874
4875
4877
4879
4880
4881
4882
4884
4885
4886
4887
4888
4889
4890
4899
4893
4959
4895
4896
4897
4898
4900
4901
4902
4903
4904
4905
4913
4914
4908
4909
5688
5823
6138
4910
4911
4912
4915
4916
4917
4918
4919
4920
4921
4926
4927
4928
4922
4923
4924
4925
4929
4930
5089
5891
5892
5893
5894
4931
5848
5849
5850
5851
5852
5853
4932
4933
4934
4935
4936
4937
4938
4939
4940
4941
4942
4943
4946
4947
4948
4949
4950
4951
4952
4954
4955
4956
4958
5155
5229
5267
5937
5938
5939
4960
4961
4962
5264
5337
4963
4964
4965
4966
4967
4968
4969
4971
4972
4975
4976
4977
4978
4984
4985
4986
4987
4988
4989
4990
4981
4982
4983
4998
4999
5000
4991
4992
4993
4994
4995
4996
4997
5002
5003
5004
5005
5006
5007
5051
5008
5088
5889
5890
5010
5011
5012
5016
5017
5018
5021
5019
5020
5496
6241
6242
5022
5023
5026
5027
5024
5025
5028
5036
5037
5039
5040
5041
5038
5029
5030
5031
5032
5033
5034
5035
5049
5050
5042
5043
5044
5045
5046
5047
5124
5125
5052
5054
5055
5066
5067
5068
5069
5057
5058
5059
5060
5061
5062
5063
5064
5065
5072
5073
5070
5071
5076
5074
5075
5077
5081
5078
5079
5080
5082
5086
5083
5084
5085
5087
5090
5097
5098
5103
5105
5091
5092
5093
5094
5095
5096
5099
5100
5101
5102
5361
5104
5814
5815
5126
5127
5128
5109
5110
5111
5112
5113
5118
5119
5120
5121
5122
5123
5129
5130
5131
5132
5146
5147
5148
5133
5134
5135
5136
5149
5141
5142
5143
5144
5145
5150
5151
5152
5153
5053
5156
5161
5157
5158
5160
5169
5166
5167
5168
5178
5180
5181
5182
5183
5184
5185
5186
5187
5188
5189
5190
5191
5193
5194
5195
5196
5197
5198
5200
5201
5202
5203
5204
5205
5206
5207
5208
5210
5211
5212
5213
5214
5215
5216
5217
5218
5219
5220
5221
5222
5225
5223
5231
5226
5227
5228
5230
5240
5323
5232
5233
5234
5242
5243
5244
5245
5252
5253
5254
5255
5256
5257
5258
5259
5251
5246
5247
5248
5249
5250
5260
5261
5262
5345
5263
5265
5266
5268
5269
5270
5271
5272
5282
5279
5280
5281
5283
5276
5278
5273
5274
5275
5287
5291
5284
5285
5286
5288
5290
5292
5293
5294
5295
5296
5297
5298
5299
5300
5301
5302
5303
5306
5307
5308
5309
5313
5314
5315
5316
5317
5318
5319
5392
5320
5321
5322
5327
5331
5332
5328
5329
5330
5336
5333
5334
5335
5339
5340
5341
5572
5868
5884
5344
5348
5349
5346
5347
5353
5350
5351
5352
5354
5355
5356
5357
5358
5359
5360
5376
5362
5363
5364
5365
5382
5383
5366
5367
5368
5380
5369
5370
5371
5372
5373
5374
5375
5381
5377
5378
5379
5386
5387
5388
5389
5390
5384
5385
5391
5393
5394
5395
5397
5398
5396
5399
5400
5401
5402
5406
5342
5407
5408
5409
5410
5954
5955
5411
5434
5435
5436
5412
5413
5415
5416
5419
5420
5421
5422
5423
5424
5425
5426
5427
5430
5431
5432
5433
5429
5438
5439
5440
5441
5442
5443
5444
5445
5446
5456
5453
5447
5448
5473
5474
5475
5451
5454
5455
5457
5458
5459
5460
5461
5462
5463
5464
5465
5466
5467
5469
5470
5477
5471
5472
5485
5486
5478
5479
5480
5481
5482
5488
5489
5492
5493
5495
5497
5499
5500
5498
5503
5504
5505
5507
5508
5506
5510
5509
5511
5512
5513
5514
5515
5523
5524
5521
5522
5525
5881
5526
5527
5528
5529
5531
5532
5530
5533
5534
5535
5536
5543
5544
5545
5546
5547
5548
5549
5672
5553
5550
5551
5552
5554
5555
5568
5569
5556
5557
5558
5559
5560
5561
5562
5563
5564
5565
5566
5567
5577
5573
5574
5575
5576
5585
5586
5578
5579
5580
5581
5582
5583
5587
5588
5589
5590
5591
5592
5593
5594
5595
5596
5597
5598
5599
5601
5604
5602
5603
5605
5617
5606
5607
5608
5609
5610
5611
5612
5613
5614
5615
5616
5618
5619
5621
5622
5620
5631
5632
5633
5623
5624
5625
5626
5627
5630
5635
5636
5637
5639
5640
5642
5643
5641
5644
5646
5647
5648
5649
5650
5651
5652
5654
5655
5656
5657
5658
5659
5670
5671
5673
5674
5678
5679
5680
5675
5676
5677
5681
5682
5683
5684
5685
5686
5687
5689
5690
5691
5692
5693
5694
5700
5701
5695
5696
5697
5698
5699
5710
5711
5712
5713
5702
5704
5708
5709
5703
5705
5706
5707
5714
5715
5716
5718
5719
5720
5721
5722
5723
5726
5727
5728
5729
5725
5733
5738
5739
5740
5741
5742
5743
5744
5745
5746
5731
5732
5730
5734
5735
5736
5737
5757
5747
5748
5758
5749
5750
5751
5752
5753
5754
5755
5756
5660
5661
5662
5663
5664
5665
5666
5667
5668
5669
5766
5759
5760
5761
5762
5763
5764
5765
5767
5768
5769
5770
5771
5772
5773
5774
5775
5776
5781
5782
5542
5783
5784
5816
5789
5790
5791
5792
5793
5794
5798
5799
5800
5801
5802
5805
5803
5804
5809
5810
5811
5820
5821
5822
5812
5813
5827
5828
5817
5818
5819
5824
5825
5826
5829
5830
5831
5832
5833
5834
5835
5839
5882
5836
5837
5838
5858
5841
5842
5843
5844
5847
5845
5846
5854
5855
5856
5857
5859
5860
5861
5862
5863
5864
5865
5866
5867
5902
5903
5537
5538
5539
5540
5869
5870
6292
6293
6294
6295
5871
5872
5873
5874
5875
5876
5877
5878
5879
5883
5887
5888
5885
5886
5897
5898
5899
5896
5900
5901
5904
5905
5906
5907
5908
5912
5913
5910
5911
5914
5915
5918
5917
5923
5924
5925
5926
5921
5919
5920
5927
5928
5929
5922
5930
5932
5933
5934
5935
5936
5975
5943
5944
5945
5946
5947
5948
5949
5950
5951
5952
5953
5956
5957
5961
5962
5963
5966
5967
5964
5965
5968
5969
5970
5971
5972
6008
6009
6010
6011
5976
5977
5978
5979
5980
5981
5982
5983
5984
5985
5986
5987
5988
5989
5990
5991
5992
5993
5994
5995
5996
5997
5998
5999
6002
6003
6004
6005
6006
6007
6059
6060
6023
6024
6025
6012
6013
6014
6015
6016
6017
6018
6019
6020
6021
6022
6026
6027
6028
6029
6030
6031
6032
6033
6034
6035
6040
6041
6042
6043
6044
6045
6046
6047
6048
6049
6050
6051
6052
6053
6056
6057
6058
6054
6055
6063
6064
6065
6066
6067
6068
6069
6070
6072
6073
6074
6075
6076
6077
6078
6079
6080
6081
6082
6083
6084
6085
6086
6088
6089
6090
6091
6092
6093
6096
6094
6095
6097
6098
6099
6100
6101
6102
6103
6104
6109
6110
6111
6105
6106
6107
6112
6113
6114
6115
6116
6117
6118
6119
6120
6123
6124
6125
6126
6127
6128
6129
6130
6134
6135
6136
6137
6157
6158
6159
6160
6161
6162
6163
6164
6165
6166
6139
6140
6141
6142
6143
6144
6145
6146
6147
6148
6149
6150
6151
6152
6153
6154
6155
6156
6167
6249
6250
6251
6252
6169
6170
6171
6237
6172
6173
6174
6175
6176
6177
6178
6179
6180
6280
6281
6182
6195
6196
6189
6190
6191
6192
6193
6194
6183
6184
6185
6186
6187
6188
6197
6198
6199
6200
6201
6202
6203
6204
6205
6206
6207
6208
6209
6210
6211
6212
6213
6214
6215
6216
6217
6218
6219
6220
6221
6222
6223
6224
6225
6226
6227
6228
6229
6230
6231
6233
6234
6235
6238
6239
6240
6236
6243
6244
6245
6246
6289
6247
6248
6253
6254
6258
6259
6260
6261
6255
6256
6257
6268
6269
6270
6262
6263
6264
6265
6266
6267
6271
6272
6273
6274
6275
6282
6283
6276
6277
6278
6290
6284
6285
6286
6287
6288
6291
6296
6300
6297
6298
6299
